2018935830
2023172590
2024417244
2025964598
2034351636
2038176239
2038184137
2052234891
2077359578
2077408724
2082260872
2084152037
2084218176
2092221580
2093027461
2094317230
2097697213
2102692007
2102869544
2103827722
2135125844
2144046268
2149408682
2152219053
2153886695
2155267646
2182347554
2184468374
2193321748
2193680380
2202129450
2202431371
2202628778
2238839209
2245843160
2246892774
2294438656
2312873928
2313977185
2342599245
2347162040
2402177538
2402341964
2403502584
2404108024
2405842539
2406202384
2407559735
2484955010
2514031712
2514196447
2522033570
2522188938
2524174374
2526068584
2532125656
2532733063
2533572184
2563359350
2565997896
2566523228
2567495478
2603018273
2623504451
2624124932
2627315410
2627533782
2672790214
2674038541
2676420821
2693501151
2693638637
2702174959
2708942090
2727880536
2729001879
2763298960
2792414656
2816915749
3022418652
3023101614
3024842104
3029810875
3034347253
3045850091
3049046290
3072090824
3082790849
3092623290
3102372403
3104306559
3108922859
3132052357
3133948704
3153504584
3155612125
3155661720
3156430328
3156908094
3183502222
3187326024
3213939070
3252961866
3263363790
3302248149
3303074844
3304397322
3342679339
3344644019
3344970694
3345874212
3346550361
3348511244
3362331889
3362533724
3368041507
3392313356
3392413331
3392438702
3397460655
3412157818
3412228206
3467302497
3522160028
3523598229
3523904735
3527098638
3604681749
3605186220
3607269637
3609844811
3617229333
3802376865
3852517364
3852670451
3852718400
3853700148
3854166867
3854679935
3855151623
3863409882
3863440906
3863536756
3868461144
4012120413
4014878829
4026153797
4043878947
4045033426
4045186312
4046066220
4052748378
4054465906
4058878245
4059215364
4059216243
4063240770
4063602308
4063663447
4065198327
4066080262
4066097540
4074897788
4079270812
4083132431
4087149481
4122169016
4122893612
4122943602
4123283729
4124992963
4125824804
4132345765
4132441856
4136730212
4142068530
4142629288
4142629332
4154716656
4156048653
4156297263
4172100877
4172886516
4173089240
4174109916
4174701364
4193204031
4197909780
4235344339
4238230701
4244774379
4244781456
4253820742
4302880884
4325848632
4355231159
4355677826
4406810493
4422385508
4424348546
4426374701
4435541528
4582213746
4632951506
4642390220
4702480662
4704579887
4752040260
4753659568
4754344414
4785595246
4792010600
4792793584
4792876666
4793403072
4795514097
4845014821
4845888012
4846350136
4847961075
5012936060
5013924222
5015755724
5016173741
5022161478
5022958367
5023191159
5035161942
5035199083
5037108352
5052181441
5053135504
5055435146
5056442032
5073632718
5076214644
5092619950
5097416616
5097782564
5103224388
5104079863
5122699788
5153362641
5159029180
5162387508
5162881016
5162979155
5169911967
5173562241
5173627497
5173627503
5177028916
5184140052
5185330888
5202081406
5204359722
5208314090
5307170553
5313617994
5313619612
5392182277
5394305535
5404471480
5405788805
5407973470
5419789451
5512867702
5517957847
5592164894
5593576632
5593909191
5612292241
5614104357
5632095055
5632131085
5632277983
5636619257
5639291004
5673381650
5703521744
5707869309
5716639545
5733533645
5735133363
5739269548
5739269753
5752462715
5753123250
5802358205
5803774056
5805609706
5807869390
5808050581
5822019752
5822038644
5853177496
5855092708
5863513385
6015957092
6017564016
6025453567
6032765348
6033287755
6034682164
6038006384
6055033269
6055151717
6059103820
6074230759
6083915107
6092550307
6093660825
6093770355
6095010958
6099911892
6102959994
6109314330
6153008340
6154030364
6176691020
6182034077
6184345700
6189560973
6192125644
6193684940
6193687530
6194173680
6199043206
6204195273
6206153681
6206877194
6232177131
6293078968
6293085012
6299359207
6303316220
6314807023
6314879236
6316338560
6318164585
6362532360
6363959040
6365295670
6412027328
6418120721
6464645156
6502181118
6504649668
6505549846
6562122820
6562123144
6562135444
6562172505
6572969226
6574308465
6574490094
6576205153
6576956430
6577259519
6592122039
6592122504
6593047058
6606542758
6613436931
6615167558
6616073418
6622755069
6622790742
6623523753
6624528628
6625221732
6626078034
6674581496
6812741627
6814605484
6818100173
6823670626
6823763282
6823809381
6892490129
7015782858
7016597272
7019719844
7022084265
7062404923
7063860903
7064639887
7065080444
7068518524
7068812252
7083979854
7122986572
7123819218
7138359785
7152524655
7153142850
7153199248
7153301640
7153790468
7156512145
7156975410
7162320175
7162320206
7162616816
7162908552
7176553359
7187365927
7202914675
7242362713
7243236060
7244133495
7245617782
7248103698
7248259081
7252528064
7252655284
7272423107
7273077848
7273315227
7273965064
7274010966
7312735728
7316946219
7322071431
7322280677
7325810957
7349250134
7349253965
7402443085
7402571548
7403345694
7404610602
7406918703
7473236729
7473237515
7473290558
7572703938
7602194425
7623347310
7632916059
7634525973
7634969454
7653989724
7692153868
7722581692
7732260306
7738826325
7742091543
7743344249
7743636089
7745027951
7746336423
7752197736
7755416314
7759276505
7792367626
7793728366
7797326221
7814966989
7817613130
7817899548
7855171532
7858937464
8013015837
8022248395
8028398547
8032507173
8034394360
8037471078
8053251054
8056370900
8056980016
8056980524
8062921302
8066705411
8102214026
8102956524
8103047106
8103149383
8122071581
8125812164
8126054642
8142278719
8142329392
8142829516
8144186210
8144755110
8144883246
8146172342
8153863344
8156569287
8165064837
8168840660
8183919432
8302730745
8303969802
8312071637
8312973684
8327946185
8392681020
8402168608
8432067831
8452902405
8453133440
8453206868
8454808324
8457682712
8478159616
8503003450
8503249276
8503457850
8504999227
8542619255
8545502406
8573452015
8594408664
8604910118
8623471405
8623899030
8624408625
8633084566
8633500425
8636404760
8643373879
8652793809
8703082922
8703604164
8703608270
8704092175
8704940554
8723719417
9033603891
9035039660
9035569009
9042407379
9046767262
9062426550
9062426830
9062621772
9085310885
9085360864
9087271270
9102090610
9103351817
9106170528
9108522626
9123101660
9123969136
9124186144
9124700820
9126061018
9126575370
9132536014
9132633940
9143961824
9152069896
9184077390
9184183376
9195013758
9205041063
9205093854
9207578586
9258609858
9282943950
9283264138
9285512067
9285834071
9292735797
9296049443
9296326964
9312515991
9342489447
9362440590
9369661146
9374775832
9375331168
9375361646
9377100976
9379839416
9382481053
9382562432
9403261795
9403377239
9403993876
9412210531
9412853601
9413691404
9432589436
9432589443
9432662461
9452674170
9472707786
9472718318
9498192720
9512380823
9562053942
9566279583
9567649690
9592401564
9702019769
9703479585
9704410165
9705023431
9707121412
9708038472
9714298896
9732084316
9733932485
9736708471
9737565691
9783901741
9787716460
9789149890
9793260145
9796188939
9842466973
9843275276
9843533672
9852084792
9852152498
9853587875
9853778090
9895729680