2014665133
2014946347
2023392728
2035109538
2075998431
2087318963
2087395375
2093703610
2094478330
2096509896
2104195641
2144634347
2149371093
2162535044
2165593300
2173137892
2183102781
2185396295
2202287438
2202448251
2232289467
2232375351
2232849327
2242853891
2244714881
2272185439
2272359269
2294173696
2296518141
2313409661
2314922778
2342143323
2343699626
2348661063
2392709694
2399866722
2403677448
2405321193
2407264043
2408905116
2409168594
2484319495
2486322012
2488109331
2513540697
2522677288
2523275751
2543279896
2564589160
2565255784
2566104119
2566731792
2567835272
2567976508
2603023138
2622814966
2622833199
2623276358
2676492405
2678926734
2692519184
2702440876
2703055286
2706453087
2709572304
2722304251
2722619860
2762870366
2792088980
2792370816
2813230696
2816356656
2818062920
3032651198
3036253562
3042209795
3082067134
3124858861
3143411631
3154059940
3157462175
3184642728
3186427730
3193312777
3193485604
3194299521
3195095944
3195215056
3198559145
3202800543
3202903715
3202952173
3203720587
3204130711
3253215012
3257187302
3264670181
3292088452
3292260262
3292260622
3292260695
3308070453
3312009063
3312037703
3312194408
3313419156
3322854663
3322854702
3347488085
3372411995
3375440294
3379989232
3462810144
3462875252
3472750525
3512372472
3514448840
3514448940
3526406604
3528169550
3528169569
3602231634
3605508140
3692157495
3692157704
3802707541
3853702535
3863246443
3863271370
3864168502
4028027572
4042303123
4045613106
4064595945
4074957397
4083150623
4095091049
4104637211
4132756885
4142069946
4193220819
4193510425
4195836827
4197881246
4232083825
4236472746
4243083964
4243967497
4247685124
4253939919
4302159255
4302913440
4329238712
4342472224
4342725002
4352199845
4354066358
4355673683
4402123684
4406620414
4432071789
4433972406
4434424320
4436191826
4439681340
4452711780
4453062347
4482006260
4482055250
4582554554
4642443567
4642448339
4642451497
4698672799
4752370423
4782949409
4783880155
4785386401
4792350632
4792508999
4793537708
4794406720
4848908325
5022645590
5025378468
5038125213
5042511417
5052748915
5052894357
5054097963
5072153481
5074413990
5089722448
5092012438
5093424356
5094317612
5103937350
5109168984
5127589219
5137907536
5153059947
5162545769
5182129759
5182493337
5183692787
5184107277
5184783268
5204727140
5207038493
5302027792
5305664270
5309818894
5313617607
5313619493
5392152413
5404507528
5513659631
5515296952
5593449084
5595367168
5595715196
5612159321
5612235894
5614765833
5616089929
5618021108
5627945208
5646761793
5679089822
5702293191
5704126080
5706571652
5712899222
5713196359
5717308828
5736177140
5755620197
5854657742
5863513555
5866230513
6012125068
6014619616
6023427469
6032059033
6033406140
6034595337
6037078593
6055033292
6059102816
6067698783
6068881070
6072429217
6075900458
6084952246
6088609742
6093141693
6093695802
6103498445
6105077275
6105646044
6109573606
6145829561
6155988313
6162108263
6164071216
6172021347
6176802585
6176916591
6184342100
6184408626
6193407410
6196663698
6202001877
6202141627
6203210468
6208401163
6264614084
6266522974
6266605736
6283049398
6312149150
6318308744
6366333208
6412423689
6418447376
6452167026
6462986312
6504649489
6504651075
6515513235
6562001816
6562344703
6562386070
6607320001
6608989680
6614261382
6617950635
6624355000
6626545493
6627882088
6674581173
6693061801
6812083566
6812373660
6813318326
6813574652
6813831545
6813831685
6814288995
6822604578
6823916028
6823938285
6824343508
7014400918
7015781707
7022085045
7022969608
7028179904
7042071644
7046414643
7062187796
7065189695
7067161051
7076995810
7079802887
7089210290
7128282759
7153199997
7156450957
7159147242
7159319523
7163976212
7166475556
7167090263
7175130991
7176076202
7176609018
7179453295
7179809576
7192001452
7194535164
7205259297
7206028741
7262092503
7272941479
7273370835
7282014219
7323953106
7343469451
7343830407
7349321815
7372938712
7402376344
7402442508
7404249933
7405529153
7405645009
7408018957
7432411355
7472145599
7472538760
7543289871
7576346723
7608354438
7632690909
7634156694
7652062832
7652594879
7654131117
7692558921
7706786310
7732090238
7733941705
7742707948
7743628663
7744070500
7744777647
7745287876
7745868960
7752215361
7754307637
7754779271
7754951184
7793024124
7815880345
7853835207
7858139358
7869789477
8023857069
8042532318
8043885873
8046052464
8046507440
8049484473
8056575603
8106274107
8122630308
8123510187
8144133814
8146179334
8152316019
8202187643
8283831241
8302199990
8303836540
8303980353
8312478137
8316205821
8352353208
8382136516
8382136527
8382136662
8392070085
8402320721
8402846530
8436552049
8439179501
8454181213
8455515356
8456418272
8457187686
8459031234
8473502032
8475952704
8482262482
8482264016
8488936001
8509742613
8563860277
8564721205
8573102264
8583084598
8592289803
8595132776
8596911429
8602356344
8602709595
8608677406
8622643650
8648261839
8653073030
8703184394
8703450124
8704009038
8709233756
8709531369
9032636236
9034671751
9034902988
9035125859
9046628988
9062875878
9083660614
9085209925
9102468573
9103822095
9107122050
9132084558
9152490736
9162844812
9192185473
9192441902
9198308739
9205394456
9205725005
9294186573
9342047067
9342460594
9342559780
9362349646
9373045926
9402795908
9403019274
9417182436
9432589496
9452576541
9704133199
9706207323
9709870644
9714873261
9737664118
9786973197
9804591054
9852869958
9853340348
9892770340
9892944053
9894887216
9895056541